(((CAEBR:0.21490,BRUMA:0.22905):0.12560,(((((((TRYCR:0.10930,
LEIBR:0.08211):0.59109,(DICDI:0.61563,DANRE:0.33468):0.05594):0.13393,
((HUMAN:0.10125,(((SCHJA:0.41590,(XENTR:0.13436,
((ORYSA:0.64168,RAT:0.16219):0.07293,MOUSE:0.20428):0.10828):0.04190):0.06554,
MACFA:0.00881):0.10534,(TETNG:0.23171,CHICK:0.02025):0.09453):0.03542):0.07417,
(ENTHI:0.41003,(GIALA:0.41147,(((THEPA:0.29219,
BABBO:0.21197):0.21680,((PLAF7:0.22123,(PLACH:0.22243,
(((PLAYO:0.19198,PLAVI:0.01250):0.10293,PLAKH:0.04387):0.07156,
PLABE:0.04072):0.09115):0.23042):0.10946,PARTE:0.56495):0.14474):0.10461,
((SCHPO:0.23001,(YEAST:0.27313,(ZYGRO:0.32908,
CANAL:0.21884):0.07753):0.11321):0.16256,(YARLI:0.17332,
ASPCL:0.38608):0.18176):0.07523):0.03634):0.04050):0.08318):0.09667):0.14318,
DROMO:0.04920):0.11163,((DROSE:0.10948,DROME:0.03103):0.19567,
DROER:0.00782):0.03981):0.14731,NEMVE:0.36544):0.17926,
CAEEL:0.08807):0.14385):0.86024,VITVI:0.27547,
ARATH:0.18783);
