(VITVI:0.23299,(ORYSA:0.45501,((((BRUMA:0.32152,CAEBR:0.16310):0.23452,
CAEEL:0.13881):0.16136,NEMVE:0.28988):0.03228,((PARTE:0.52747,
(((((PLABE:0.08687,PLAKH:0.06148):0.02941,PLAVI:0.07160):0.09369,
PLAYO:0.09696):0.08281,PLACH:0.17354):0.25474,PLAF7:0.35140):0.06153):0.07402,
((((CANAL:0.22326,ZYGRO:0.32587):0.06054,YEAST:0.28346):0.09518,
SCHPO:0.21679):0.11828,(((BABBO:0.27459,THEPA:0.24621):0.14536,
((DANRE:0.40724,DICDI:0.54617):0.04274,(LEIBR:0.06037,TRYCR:0.13142):0.46463):0.03347):0.08852,
(((ASPCL:0.38758,YARLI:0.15976):0.19106,((((CHICK:0.08018,
TETNG:0.17529):0.09550,((MACFA:-0.00506,((MOUSE:0.26969,RAT:0.27520):0.08864,
XENTR:0.18535):0.12793):0.05309,SCHJA:0.35001):0.07843):0.10357,
HUMAN:0.19134):0.02790,((DROER:0.06250,(DROME:0.14621,DROSE:0.02169):0.21121):0.06700,
DROMO:0.03521):0.22700):0.05110):0.02271,(ENTHI:0.34614,
GIALA:0.36006):0.02863):0.02590):0.04991):0.05025):0.07253):0.22521):0.50353,ARATH:0.24503);
