(((PLAF7:0.35696,((PLAVI:0.12404,(PLAYO:0.19269,
((PLACH:0.01203,PLABE:0.00943):0.13370,PLAKH:0.08163):0.03995):0.02298):0.15564,
PARTE:0.30988):0.30807):0.11746,((TRYCR:0.07310,
LEIBR:0.13835):0.53964,TETTH:0.64316):0.18355):0.12764,
THEPA:0.29881,BABBO:0.19895);
