(THEPA:0.24316,(TETTH:0.69927,(PLAF7:0.37421,((GIALA:0.33338,
PARTE:0.23340):0.10875,((((PLABE:0.00527,PLACH:0.01631):0.09417,
PLAYO:0.15357):0.02537,PLAKH:0.07155):0.02063,PLAVI:0.10082):0.11743):0.27424):0.07697):0.12724,BABBO:0.24651);
