((PLAF7:0.40755,((((PLAYO:0.20304,(PLAVI:0.14196,
PLAKH:0.07546):0.02893):0.02926,(PLACH:0.01149,
PLABE:0.01006):0.11321):0.16576,(GIALA:0.37844,
PARTE:0.20177):0.12226):0.26799,TETTH:0.80540):0.08066):0.14931,
THEPA:0.26699,BABBO:0.22259);
