(GIALA:0.41038,(SCHJA:0.24715,((((((BRUMA:0.24434,(CAEBR:0.12931,
CAEEL:0.11330):0.15201):0.19991,((DANRE:0.34948,(((DROER:0.00810,
DROME:0.00622):0.13455,DROSE:0.09666):0.01848,DROMO:0.13660):0.20810):0.07595,
RAT:0.18058):0.06364):0.06509,NEMVE:0.32820):0.24802,HUMAN:0.05829):0.09924,
MACFA:0.08329):0.02190,((CHICK:0.07979,(MOUSE:0.05644,XENTR:0.02288):0.03278):0.06598,
TETNG:0.12727):0.02097):0.04231):0.02356,BRAFL:0.22597);
