((DANRE:0.18521,((((BRUMA:0.17790,(CAEEL:0.09747,
CAEBR:0.15655):0.24977):0.25926,(DROMO:0.12396,
(DROSE:0.13741,(DROME:0.00010,DROER:0.01426):0.12855):0.07256):0.20640):0.11348,
RAT:0.25036):0.09706,NEMVE:0.53630):0.13707):0.41177,
(GIALA:0.45876,(SCHJA:0.26352,(TETNG:0.15017,((MACFA:0.09220,
HUMAN:0.13311):0.04470,((XENTR:0.03984,MOUSE:0.05392):0.05777,
CHICK:0.05947):0.10382):0.02401):0.07553):0.04126):0.13898,
BRAFL:0.10122);
