(((((SCHPO:0.29242,(GIALA:0.42563,(ENTBH:0.40859,
ENCCU:0.25721):0.19852):0.09715):0.10783,YEAST:0.20383):0.07238,
CANAL:0.01514):0.35726,ZYGRO:0.11126):0.20620,
YARLI:0.27480,ASPCL:0.24019);
