(YARLI:0.24358,(ZYGRO:0.24031,(CANAL:0.02658,((((ENCCU:0.30188,
ENTBH:0.37579):0.15825,GIALA:0.34247):0.07837,SCHPO:0.27245):0.08535,
YEAST:0.18408):0.07244):0.32712):0.05612,ASPCL:0.25952);
