(VITVI:0.63300,(((CANAL:0.03567,((((ENCCU:0.29448,ORYSA:0.50070):0.13487,
ENTBH:0.35728):0.11196,SCHPO:0.23367):0.08664,YEAST:0.20633):0.06209):0.32029,
ZYGRO:0.19448):0.08301,(ASPCL:0.24944,YARLI:0.25366):0.02284):0.21008,ARATH:0.14911);
