(((((SCHPO:0.27663,(ENTBH:0.40305,ENCCU:0.26652):0.26594):0.11967,
YEAST:0.19555):0.07860,CANAL:0.01736):0.34855,
ZYGRO:0.11646):0.20851,((TRYCR:0.09413,LEIBR:0.12197):0.87833,
YARLI:0.19038):0.09848,ASPCL:0.23215);
