(VITVI:0.62539,((ZYGRO:0.12478,(YARLI:0.26556,
ASPCL:0.24736):0.20087):0.08376,(((SCHPO:0.24669,
(ORYSA:0.41180,(ENTBH:0.41584,ENCCU:0.26865):0.22696):0.06190):0.14332,
YEAST:0.20472):0.07364,CANAL:0.01471):0.26970):0.29245,
ARATH:0.15501);
